0,6237434148788452 0,9036998152732849 0,12340856343507767
0,35597819089889526 0,06828499585390091 0,05500596761703491
0,9284929633140564 0,4182932376861572 0,09524096548557281
0,9000052809715271 0,8563782572746277 0,08305638283491135
0,2014865130186081 0,0688091516494751 0,02276044897735119
0,04109102487564087 0,3669418692588806 0,2665430009365082
0,10053671896457672 0,7372478246688843 0,019192591309547424
0,631146252155304 0,14431177079677582 0,18791286647319794
0,7167930603027344 0,3956480026245117 0,054610297083854675
0,532500684261322 0,4149891436100006 0,06552422046661377
0,6713807582855225 0,48554161190986633 0,015786437317728996
0,38795313239097595 0,6570606231689453 0,12177231907844543
0,5793925523757935 0,4751380980014801 0,005214060191065073
0,25296083092689514 0,7575685977935791 0,030040502548217773
0,8208088278770447 0,5352705121040344 0,055222637951374054
0,8880289196968079 0,13499420881271362 0,03103802725672722
0,46567627787590027 0,3792508840560913 0,005144418217241764
0,4274996221065521 0,42273521423339844 0,021667663007974625
0,05428096652030945 0,9733017086982727 0,14262904226779938
0,8415070176124573 0,01950627751648426 0,008221336640417576
0,828291654586792 0,6747922897338867 0,029984023422002792
0,7698806524276733 0,3278542160987854 0,016678262501955032
0,5545639991760254 0,5838322639465332 0,04797888919711113
0,9744316935539246 0,7771519422531128 0,017043018713593483
0,2997764050960541 0,18414095044136047 0,027250388637185097
0,6453675627708435 0,7237194180488586 0,026668792590498924
0,4369290769100189 0,22699935734272003 0,017654411494731903
0,330272376537323 0,3992961347103119 0,00833516288548708
0,5831477642059326 0,7218026518821716 0,012735639698803425
0,45700424909591675 0,9391539096832275 0,013391678221523762
0,18613697588443756 0,7400304675102234 0,005505071487277746
0,4785848557949066 0,27485036849975586 0,0064862314611673355
0,8212292790412903 0,330855131149292 0,007066384423524141
0,37939536571502686 0,161709263920784 0,014952665194869041
0,7962554097175598 0,4723844826221466 0,006203346885740757
0,8064464330673218 0,7233731150627136 0,018024254590272903
0,32903680205345154 0,9292609095573425 0,05780944228172302
0,09386856108903885 0,05629831179976463 0,0213491078466177
0,20911572873592377 0,007993475534021854 0,031314924359321594
0,318490207195282 0,369249165058136 0,005528181791305542
0,16751621663570404 0,7736256718635559 0,017071619629859924
0,9102916121482849 0,5316857695579529 0,011459477245807648
0,29514071345329285 0,7835350632667542 0,006444308441132307
0,6393324732780457 0,6773624420166016 0,005251663271337748
0,829422652721405 0,26664555072784424 0,006901486776769161
0,7469509840011597 0,7820391654968262 0,036574311554431915
0,2348249852657318 0,9346522688865662 0,015502050518989563
0,1844291239976883 0,12354379147291183 0,00789568666368723
0,4735415577888489 0,8791752457618713 0,0181052815169096
0,7477956414222717 0,5955348610877991 0,03048413060605526
0,8493828773498535 0,9821215867996216 0,0119802076369524
0,24823279678821564 0,6331945657730103 0,0116045493632555
0,10264473408460617 0,6948180794715881 0,01031437423080206
0,7460483908653259 0,4565223753452301 0,005391883663833141
0,6342489719390869 0,44776493310928345 0,011455288156867027
0,8012564182281494 0,8464360237121582 0,009196816943585873
0,6664234399795532 0,6573918461799622 0,01314835250377655
0,9892257452011108 0,9972211718559265 0,005423299036920071
0,6854517459869385 0,78118497133255 0,008114169351756573
0,6321790814399719 0,5356818437576294 0,006699798628687859
0,8698070049285889 0,7569400668144226 0,01250704750418663
0,6774757504463196 0,5527713894844055 0,02538352645933628
0,888286828994751 0,6371907591819763 0,022584516555070877
0,9594155550003052 0,16284571588039398 0,018096884712576866
0,2946241497993469 0,006328366231173277 0,016487358137965202
0,700078547000885 0,697673499584198 0,020175501704216003
0,38393333554267883 0,2309102714061737 0,012146472930908203
0,9592108726501465 0,5724168419837952 0,03534284979104996
0,5859837532043457 0,34935933351516724 0,012663275934755802
0,4069627821445465 0,8053131103515625 0,005679246038198471
0,11341650038957596 0,6670772433280945 0,008754938840866089
0,8949680328369141 0,6834624409675598 0,01297520101070404
0,7967511415481567 0,8039573431015015 0,00852892454713583
0,0993364155292511 0,795870304107666 0,03323395177721977
0,05479267239570618 0,07142550498247147 0,014372503384947777
0,5008350610733032 0,4849659204483032 0,005729613825678825
0,46202796697616577 0,48077550530433655 0,005462302826344967
0,9176898002624512 0,718682050704956 0,018097691237926483
0,3941633999347687 0,2002917230129242 0,009395768865942955
0,010579437017440796 0,8173999190330505 0,010454700328409672
0,8833642601966858 0,06705992668867111 0,02110898122191429
0,3635140061378479 0,5067808628082275 0,020432865247130394
0,38827812671661377 0,29640695452690125 0,032854605466127396
0,7676258683204651 0,2975252568721771 0,008488303981721401
0,7685307264328003 0,6679563522338867 0,023711269721388817
0,22524355351924896 0,1286286860704422 0,007674282882362604
0,6419878005981445 0,6517105102539062 0,0054777152836322784
0,5181686282157898 0,9966077208518982 0,007368514779955149
0,7930078506469727 0,4332011044025421 0,02110828459262848
0,07794593274593353 0,010739031247794628 0,008458210155367851
0,6316189765930176 0,6185081005096436 0,020796047523617744
0,16527985036373138 0,7244473099708557 0,012400468811392784
0,8227338194847107 0,7842763662338257 0,0076612145639956
0,1417103111743927 0,7573413848876953 0,007426029536873102
0,9476717114448547 0,9738034605979919 0,009119151160120964
0,07332391291856766 0,08900604397058487 0,005743192043155432
0,8451894521713257 0,34590232372283936 0,00989153515547514
0,408376544713974 0,1786116361618042 0,010830310173332691
0,39763978123664856 0,5032877326011658 0,0057586925104260445
0,23253057897090912 0,15202538669109344 0,006587356328964233
0,3706457018852234 0,41721054911613464 0,022598721086978912
0,9325079917907715 0,05783908814191818 0,022648993879556656
0,8261502981185913 0,09296977519989014 0,006316029001027346
0,7293037176132202 0,5390112400054932 0,012361218221485615
0,46210765838623047 0,27296143770217896 0,0050081172958016396
0,8229890465736389 0,4551221430301666 0,009685039520263672
0,18199296295642853 0,659103274345398 0,027248121798038483
0,7052473425865173 0,65309077501297 0,017777714878320694
0,43650171160697937 0,9198348522186279 0,009465045295655727
0,9215150475502014 0,639048159122467 0,005229892674833536
0,44719594717025757 0,36075136065483093 0,006874819751828909
0,9980106949806213 0,7073305249214172 0,01189273688942194
0,34535151720046997 0,31129592657089233 0,007468819618225098
0,3238917887210846 0,5413140058517456 0,005473129916936159
0,7594572901725769 0,4936858117580414 0,011599789373576641
0,5001083016395569 0,5334389209747314 0,009880509227514267
0,9163076877593994 0,6108465194702148 0,007066419348120689
0,9533810615539551 0,22766055166721344 0,03698023781180382
0,13438399136066437 0,06298235803842545 0,011086857877671719
0,4170342683792114 0,12284619361162186 0,008678250014781952
0,6240997910499573 0,6628915071487427 0,009137554094195366
0,43145814538002014 0,861231803894043 0,01976247876882553
0,6529929637908936 0,36982235312461853 0,00813710130751133
0,528582751750946 0,5195335745811462 0,012503551319241524
0,9304966926574707 0,6770378351211548 0,009902453981339931
0,8990797400474548 0,9709681868553162 0,025346925482153893
0,48342952132225037 0,5470755100250244 0,005487336777150631
0,8397475481033325 0,6057407855987549 0,01138403918594122
0,4400692582130432 0,9659662842750549 0,008571643382310867
0,16333958506584167 0,039778754115104675 0,018981434404850006
0,15182209014892578 0,09547291696071625 0,020715991035103798
0,9688262939453125 0,6651148200035095 0,006316835060715675
0,8373757600784302 0,18171042203903198 0,012846725061535835
0,1908414363861084 0,8743886351585388 0,008410262875258923
0,9502977132797241 0,7382426261901855 0,01281590573489666
0,13428521156311035 0,671012818813324 0,005523696541786194
0,20854543149471283 0,764976978302002 0,009603733196854591
0,3056654632091522 0,5256036520004272 0,005807514302432537
0,9518958330154419 0,09731515496969223 0,015130359679460526
0,39571061730384827 0,12653003633022308 0,005149328149855137
0,424522340297699 0,5092429518699646 0,005928522441536188
0,5188161730766296 0,3097114562988281 0,005010248627513647
0,7283130884170532 0,4789162874221802 0,007015354000031948
0,8897375464439392 0,6011350750923157 0,006281319074332714
0,7984468340873718 0,6287681460380554 0,009427466429769993
0,1662006825208664 0,8483844995498657 0,013529020361602306
0,007163813337683678 0,669276237487793 0,019369643181562424
0,43417975306510925 0,8284174799919128 0,008025637827813625
0,231004998087883 0,09756872057914734 0,008668757975101471
0,21126239001750946 0,6870697140693665 0,007149567827582359
0,9891522526741028 0,9002162218093872 0,010121220722794533
0,05918673053383827 0,6770704984664917 0,009290856309235096
0,817922055721283 0,9410187602043152 0,011439744383096695
0,6087287664413452 0,3658392131328583 0,008833843283355236
0,21178671717643738 0,8371665477752686 0,02227109484374523
0,47876667976379395 0,9734960198402405 0,021613743156194687
0,38430047035217285 0,864392101764679 0,014042850583791733
0,9986442923545837 0,09061327576637268 0,013095450587570667
0,6447439193725586 0,3454594016075134 0,007509456016123295
0,42315566539764404 0,14512114226818085 0,008023199625313282
0,6353551149368286 0,554689347743988 0,007509212475270033
0,9558526277542114 0,9987342357635498 0,0064705307595431805
0,5418206453323364 0,7848074436187744 0,014760682359337807
0,42046913504600525 0,05298420786857605 0,0052122753113508224
0,23089994490146637 0,9699596762657166 0,01237649004906416
0,25577083230018616 0,9765076041221619 0,006533478386700153
0,008490298874676228 0,7123666405677795 0,007686734665185213
0,43019217252731323 0,528506338596344 0,0068622007966041565
0,376213014125824 0,3547391891479492 0,018261099234223366
0,3639174997806549 0,7903862595558167 0,008055935613811016
0,433129221200943 0,9901612401008606 0,005691174417734146
0,9148355722427368 0,2909258008003235 0,02767351269721985
0,8637868165969849 0,217986062169075 0,019450588151812553
0,24673479795455933 0,5561522841453552 0,005044080317020416
0,23612110316753387 0,8856793642044067 0,02558468095958233
0,9518422484397888 0,6674737930297852 0,005140159744769335
0,9899080395698547 0,14332713186740875 0,008670298382639885
0,6356285214424133 0,3915363550186157 0,012514186091721058
0,2762400507926941 0,07041662931442261 0,01287856511771679
0,45313453674316406 0,32435745000839233 0,014729607850313187
0,6771706938743591 0,6348381638526917 0,005268766079097986
0,7944760918617249 0,39937475323677063 0,0066760629415512085
0,2727219760417938 0,1545352041721344 0,0058643813244998455
0,411052405834198 0,21622444689273834 0,005023768171668053
0,2451580911874771 0,5746604204177856 0,005942120216786861
0,8440968990325928 0,09324911236763 0,005227530375123024
0,8450259566307068 0,32510751485824585 0,005852693226188421
0,7848327159881592 0,9805417656898499 0,018611935898661613
0,47668349742889404 0,7921313047409058 0,011211295612156391
0,7983859181404114 0,3221887946128845 0,006982583552598953
0,9960838556289673 0,5236126780509949 0,012830018065869808
0,5926651954650879 0,6764570474624634 0,010435554198920727
0,623852550983429 0,509411096572876 0,006078057456761599
0,2332886904478073 0,6943628787994385 0,005210178904235363
0,42177051305770874 0,3707025945186615 0,006157723255455494
0,5938737392425537 0,6368933916091919 0,0071538169868290424
0,060876332223415375 0,0007480249623768032 0,005834293086081743
0,7406018972396851 0,515864908695221 0,006409187335520983
0,12238387018442154 0,6886143088340759 0,005305224563926458
0,5355812907218933 0,7340412139892578 0,00684475339949131
0,4729573726654053 0,8344783782958984 0,012731876224279404
0,06718737632036209 0,7552239894866943 0,009368296712636948
0,9245949387550354 0,012389075011014938 0,010026892647147179
0,5170536041259766 0,6941045522689819 0,007237606216222048
0,6165146827697754 0,426866739988327 0,005435572471469641
0,43668511509895325 0,03996274992823601 0,00711336825042963
0,20596182346343994 0,7144384384155273 0,009283258579671383
0,9037655591964722 0,5774649977684021 0,015261998400092125
0,7881624698638916 0,9213035106658936 0,015403843484818935
0,930557370185852 0,9987515807151794 0,007952571846544743
0,660875678062439 0,689325213432312 0,005612485110759735
0,4635399281978607 0,5039428472518921 0,008678970858454704
0,9028596878051758 0,23781366646289825 0,009435002692043781
0,4406454563140869 0,00686081824824214 0,007369191385805607
0,18576356768608093 0,7985563278198242 0,006561403628438711
0,18993042409420013 0,6129377484321594 0,007651615422219038
0,9975866675376892 0,12479836493730545 0,005554492119699717
0,9989699125289917 0,168679341673851 0,009584932588040829
0,3018682599067688 0,1309439092874527 0,01607499085366726
0,5760861039161682 0,6399874687194824 0,005384066607803106
0,7341883778572083 0,7152339816093445 0,006686588283628225
0,4344222843647003 0,3057926297187805 0,0060772281140089035
0,3799282908439636 0,45965611934661865 0,014769921079277992
0,5580220222473145 0,34224000573158264 0,005722257308661938
0,7163382768630981 0,5594725608825684 0,005763456225395203
0,4375748634338379 0,2671129107475281 0,005520617123693228
0,11902429908514023 0,032566994428634644 0,0066843354143202305
0,4789660573005676 0,522182285785675 0,005634021479636431
0,31570520997047424 0,2249045968055725 0,009389135055243969
0,1686897724866867 0,8094638586044312 0,007204623892903328
0,2513055205345154 0,10885234922170639 0,009360884316265583
0,03154880553483963 0,05058791860938072 0,011540563777089119
0,6063350439071655 0,7550264000892639 0,014055418781936169
0,2698461711406708 0,04745769873261452 0,005492117255926132
0,872866690158844 0,7052692770957947 0,008821219205856323
0,9058550000190735 0,17759209871292114 0,00989798828959465
0,8932378888130188 0,0010799894807860255 0,014402837492525578
0,7742710113525391 0,8988226652145386 0,005076735280454159
0,5805267691612244 0,7616512179374695 0,007381646428257227
0,2886817753314972 0,4904763400554657 0,005030407570302486
0,9433814883232117 0,9452915787696838 0,00822241511195898
0,5992551445960999 0,7002665996551514 0,005552888847887516
0,20195136964321136 0,1306087225675583 0,005429794546216726
0,41411393880844116 0,8297975659370422 0,0052953665144741535
0,5047227144241333 0,3155149221420288 0,0050757452845573425
0,25147494673728943 0,16663877665996552 0,005808738525956869
0,6077600717544556 0,5538692474365234 0,007916877046227455
0,8430265188217163 0,1394655853509903 0,007935086265206337
0,9759052991867065 0,9816614985466003 0,006902152672410011
0,7203930020332336 0,5088098049163818 0,007581791374832392
0,5880192518234253 0,5051937699317932 0,007333669345825911
0,8232799172401428 0,07152645289897919 0,007382164243608713
0,2548132538795471 0,13798169791698456 0,006918905768543482
0,09934267401695251 0,65330970287323 0,00517633929848671
0,9540155529975891 0,7125126719474792 0,007767234928905964
0,14287354052066803 0,8231688737869263 0,010769573971629143
0,31835460662841797 0,8600797653198242 0,007158323191106319
0,7303628325462341 0,9850621819496155 0,005373513326048851
0,03154605254530907 0,731278657913208 0,014454650692641735
0,33686697483062744 0,7886607050895691 0,006044199224561453
0,9015832543373108 0,7554119825363159 0,007721145637333393
0,2941223382949829 0,5371115207672119 0,005364106968045235
0,2956441342830658 0,5540481209754944 0,005609564017504454
0,2693859040737152 0,8702349662780762 0,005316528957337141
0,2100207507610321 0,9470142126083374 0,005390920210629702
0,21181616187095642 0,8002635836601257 0,008206765167415142
0,2564833462238312 0,8135656714439392 0,01709553599357605
0,803899347782135 0,8698244094848633 0,005250473972409964
0,23129944503307343 0,6670272350311279 0,011927705258131027
0,3240194320678711 0,14583493769168854 0,00558440200984478
0,33965864777565 0,45622143149375916 0,015658650547266006
0,9295900464057922 0,6231876611709595 0,005325546953827143
0,03821776062250137 0,6952630281448364 0,006517583969980478
0,9918208718299866 0,8202284574508667 0,006852123886346817
0,3829791843891144 0,006187536288052797 0,007413544692099094
0,41807231307029724 0,9536471366882324 0,005088734906166792
0,3413071036338806 0,17638768255710602 0,00928554218262434
0,9797589182853699 0,7462624311447144 0,007683375850319862
0,40183964371681213 0,9143838286399841 0,009256290271878242
0,9792582392692566 0,011404313147068024 0,03210346773266792
0,1541120857000351 0,00901966542005539 0,006679550278931856
0,6632415652275085 0,34471097588539124 0,005407592281699181
0,20970137417316437 0,9247763156890869 0,00610136054456234
0,3314121961593628 0,8100372552871704 0,010137317702174187
0,8121521472930908 0,8948847055435181 0,006050474010407925
0,2396019697189331 0,05843754857778549 0,007890545763075352
0,4336346983909607 0,0877496600151062 0,006475380621850491
0,856415331363678 0,7167373895645142 0,0051948754116892815
0,8037874698638916 0,041937727481126785 0,005127033218741417
0,3553723096847534 0,2389114499092102 0,005224893800914288
0,30052080750465393 0,7659525871276855 0,006446253042668104
0,7734153866767883 0,8508381843566895 0,011206615716218948
0,8221708536148071 0,6212939620018005 0,006617042701691389
0,9733721017837524 0,6828845739364624 0,005820149090141058
0,8097549676895142 0,25576499104499817 0,00650676479563117
0,13029104471206665 0,7114417552947998 0,006740836892277002
0,8469035029411316 0,25311529636383057 0,008538181893527508
0,772407054901123 0,9528245329856873 0,006507555488497019
0,8044146299362183 0,34227579832077026 0,005074110813438892
0,13436271250247955 0,6494913101196289 0,009295441210269928
0,9740675687789917 0,06884635239839554 0,005590458866208792
0,21940702199935913 0,9997026324272156 0,007714285049587488
0,9111031293869019 0,03157268837094307 0,006000787951052189
0,9473682641983032 0,6399345397949219 0,010507887229323387
0,4589537978172302 0,440468430519104 0,00535067543387413
0,9258870482444763 0,09355900436639786 0,006026601884514093
0,6447809934616089 0,5835883021354675 0,010837775655090809
0,7024545073509216 0,7672290205955505 0,005219885613769293
0,7477876543998718 0,9567431807518005 0,005662467796355486
0,8236949443817139 0,30626243352890015 0,005433299578726292
0,4529271721839905 0,9015430808067322 0,006231516133993864
0,8537595868110657 0,7736677527427673 0,0053634182550013065
0,4023507833480835 0,9534799456596375 0,005127766635268927
0,4052644670009613 0,46617257595062256 0,005288382992148399
0,9930672645568848 0,8402359485626221 0,005954280029982328
0,9842904806137085 0,313037633895874 0,009432434104382992
0,358132004737854 0,8206728100776672 0,008149592205882072
0,3368817865848541 0,20991869270801544 0,009023454040288925
0,9882863163948059 0,6137658953666687 0,006023764610290527
0,8859712481498718 0,7346394658088684 0,006180809810757637
0,562480628490448 0,7018075585365295 0,00525384908542037
0,3996866047382355 0,4008053243160248 0,005572439171373844
0,45052972435951233 0,5196916460990906 0,0054351589642465115
0,9913578629493713 0,19091974198818207 0,006323749199509621
0,439170241355896 0,8913595676422119 0,005476507358253002
0,5255228877067566 0,7488498091697693 0,005636143963783979
0,6943984627723694 0,7303194403648376 0,005010281689465046
0,5419731140136719 0,6712672710418701 0,012245179153978825
0,9634073972702026 0,28896769881248474 0,00715456809848547
0,7375016212463379 0,6494368314743042 0,006547413766384125
0,0528077706694603 0,7887136340141296 0,0057527911849319935
0,2604389488697052 0,8426430821418762 0,005988381337374449
0,4127514660358429 0,0158715657889843 0,016322772949934006
0,7979852557182312 0,602362334728241 0,010391369462013245
0,29402920603752136 0,2543978691101074 0,005218887235969305
0,6782340407371521 0,5897788405418396 0,006345071364194155
0,5076127648353577 0,5038610696792603 0,0077274334616959095
0,5552433133125305 0,7576537728309631 0,009528737515211105
0,8442934155464172 0,7594212293624878 0,005289413034915924
0,2979868948459625 0,864338219165802 0,005070817656815052
0,5724825263023376 0,5208288431167603 0,006846878211945295
0,329624742269516 0,2667422592639923 0,01529057789593935
0,2671384811401367 0,013810327276587486 0,0050020404160022736
0,9797017574310303 0,27846404910087585 0,005421338602900505
0,2200051099061966 0,6371537446975708 0,007113942410796881
0,8519338369369507 0,9593722820281982 0,005129130557179451
0,835763156414032 0,1130487397313118 0,0053728558123111725
0,772943913936615 0,8777826428413391 0,008434075862169266
0,2935720682144165 0,8132665753364563 0,013817248865962029
0,6506393551826477 0,5120546221733093 0,010539581999182701
0,23459474742412567 0,6044864058494568 0,0065498570911586285
0,5902626514434814 0,5307808518409729 0,008181828074157238
0,9966714382171631 0,638433039188385 0,012247848324477673
0,8124054670333862 0,017422839999198914 0,012841138988733292
0,6676187515258789 0,771641731262207 0,0063956365920603275
0,30068880319595337 0,4656127095222473 0,00605753343552351
0,042267054319381714 0,6563445329666138 0,006299396511167288
0,5587326288223267 0,5050132870674133 0,008889241144061089
0,44048011302948 0,4605013132095337 0,011821872554719448
0,8655884861946106 0,16936883330345154 0,005011565983295441
0,08283089846372604 0,6765303611755371 0,007184173911809921
0,800083577632904 0,3680202066898346 0,01098122913390398
0,40458741784095764 0,9888960123062134 0,008050784468650818
0,689610481262207 0,6077842116355896 0,006574064027518034
0,954551637172699 0,13222754001617432 0,00558008998632431
0,0628308579325676 0,730648934841156 0,005444706883281469
0,8455385565757751 0,7405288815498352 0,008406883105635643
0,6547970175743103 0,4196252226829529 0,005800893995910883
0,9972823262214661 0,7978774309158325 0,00812422763556242
0,2755500078201294 0,11402149498462677 0,006450314540416002
0,46887773275375366 0,4639044404029846 0,006348481401801109
0,9946662783622742 0,7309194207191467 0,005244098138064146
0,41638877987861633 0,3554266095161438 0,005018669180572033
0,4787982106208801 0,31387531757354736 0,005364580079913139
0,6102412939071655 0,6463338732719421 0,0054878597147762775
0,1355801671743393 0,008589757606387138 0,006820961367338896
0,4163617491722107 0,10331583023071289 0,005218191538006067
0,5105636119842529 0,8194067478179932 0,006649940740317106
0,8118977546691895 0,22695818543434143 0,005416051484644413
0,6991108059883118 0,4933422803878784 0,0050597540102899075
0,3376847803592682 0,3760531544685364 0,005152876954525709
0,29027825593948364 0,08994699269533157 0,005552011542022228
0,8611683249473572 0,32734373211860657 0,005054599605500698
0,9988123178482056 0,2956242859363556 0,006867506541311741
0,7868437170982361 0,009945128113031387 0,005061145406216383
0,14312423765659332 0,6241959929466248 0,0050566066056489944
0,3200169801712036 0,432965487241745 0,007284127175807953
0,539308488368988 0,6996423602104187 0,009689048863947392
0,21940946578979492 0,613634467124939 0,0059797936119139194
0,022766370326280594 0,07271192967891693 0,00505019212141633
0,5013099312782288 0,7364434003829956 0,009415069594979286
0,44439902901649475 0,7788985967636108 0,006772215478122234
0,45364341139793396 0,7951457500457764 0,005501306150108576
0,2512970268726349 0,5966065526008606 0,005583758000284433
0,06822730600833893 0,03359552472829819 0,007629550993442535
0,863737940788269 0,5903401970863342 0,006181341130286455
0,2558928430080414 0,186635360121727 0,005094562657177448
0,2866527736186981 0,5150235295295715 0,005919806659221649
0,8771653771400452 0,033940453082323074 0,005761377513408661
0,6154705286026001 0,5258431434631348 0,0071637313812971115
0,9077984094619751 0,0893232449889183 0,006242756266146898
0,3547099530696869 0,850000262260437 0,00664192158728838
0,3242100775241852 0,32776230573654175 0,01197746954858303
0,18727491796016693 0,10114972293376923 0,005951101426035166
0,48692789673805237 0,7599162459373474 0,009941810742020607
0,4040936231613159 0,8858420848846436 0,008911347948014736
0,816163957118988 0,8096364736557007 0,005476448684930801
0,2687720060348511 0,5774795413017273 0,01161287073045969
0,3588012754917145 0,13376601040363312 0,005396393593400717
0,8476861715316772 0,2745598256587982 0,007164523936808109
0,025899767875671387 0,7575435638427734 0,007191906683146954
0,4378962516784668 0,3783845603466034 0,006293678190559149
0,8501849174499512 0,629111111164093 0,006015321239829063
0,6557300090789795 0,43824365735054016 0,005525050684809685
0,31451377272605896 0,8312963247299194 0,00736747682094574
0,3429257869720459 0,3398435115814209 0,005034328438341618
0,23015864193439484 0,586864173412323 0,005256184842437506
0,49250492453575134 0,9393729567527771 0,006409736350178719
0,4356851875782013 0,05752009525895119 0,005192937329411507
0,9213902354240417 0,7613756060600281 0,007197041064500809
0,7504652738571167 0,9744569063186646 0,006237237248569727
0,7315138578414917 0,6836421489715576 0,006852008402347565
0,41204550862312317 0,4959518015384674 0,00507559347897768
0,5240324139595032 0,718065619468689 0,007598539348691702
0,9685323238372803 0,9664058685302734 0,005009029060602188
0,07873640209436417 0,7104068398475647 0,00911897886544466
0,7914595603942871 0,7661514282226562 0,005171336233615875
0,26871219277381897 0,9960366487503052 0,011366087943315506
0,6474807858467102 0,7667709589004517 0,008546381257474422
0,2658936679363251 0,0923287495970726 0,0054574026726186275
0,7743367552757263 0,7373000383377075 0,006701072212308645
0,49403420090675354 0,00035315248533152044 0,005304795689880848
0,7518100142478943 0,9990624189376831 0,007130764424800873
0,8435696959495544 0,9447152614593506 0,006686253473162651
0,3610020875930786 0,26105985045433044 0,006700486876070499
0,26053452491760254 0,6981180906295776 0,0059814173728227615
0,6823729872703552 0,7416279911994934 0,00643122335895896
0,43143704533576965 0,4871390163898468 0,009647972881793976
0,8182120323181152 0,04892253503203392 0,005532708019018173
0,8305990695953369 0,0014832111774012446 0,00535332877188921
0,4185764789581299 0,2512277364730835 0,006401552353054285
0,42547619342803955 0,8028332591056824 0,0072051286697387695
0,003336022375151515 0,7756006717681885 0,011319892480969429
0,36245831847190857 0,18441832065582275 0,005064503289759159
0,3141682744026184 0,7877866625785828 0,005437868647277355
0,1425636261701584 0,7868006825447083 0,0058231111615896225
0,6364514827728271 0,4742555320262909 0,009212461300194263
0,5960508584976196 0,47733548283576965 0,005449117161333561
0,5965771079063416 0,45924440026283264 0,007078429218381643
0,7936336994171143 0,7842051982879639 0,005086887162178755
0,4742192029953003 0,36113572120666504 0,007281128317117691
0,9988566637039185 0,757635772228241 0,008897853083908558
0,5001918077468872 0,8380996584892273 0,008478188887238503
0,8668720722198486 0,29142382740974426 0,00520882336422801
0,0017952705966308713 0,03684654459357262 0,006791724823415279
0,033812399953603745 0,00904170423746109 0,01204848475754261
0,3978955149650574 0,9347407221794128 0,006166644394397736
0,8553928136825562 0,0027925590984523296 0,008296949788928032
0,7712743878364563 0,4689578115940094 0,00782159436494112
0,7573505640029907 0,5162990093231201 0,005327972583472729
0,8147040605545044 0,4056313633918762 0,007153565064072609
0,35060954093933105 0,0031433613039553165 0,005142179783433676
0,40351617336273193 0,5229678750038147 0,0066200424917042255
0,9732849597930908 0,9502283334732056 0,006827802397310734
0,40279778838157654 0,38378068804740906 0,0064331660978496075
0,5325718522071838 0,6447169184684753 0,010227537713944912
0,25357556343078613 0,9546127319335938 0,005913928616791964
0,34733691811561584 0,3623961806297302 0,006005990784615278
0,9753233790397644 0,11987144500017166 0,009069523774087429
0,45212459564208984 0,402387410402298 0,005269641987979412
0,8241482377052307 0,9750540256500244 0,0075395675376057625
0,7058142423629761 0,5249480605125427 0,005491552874445915
0,7785763740539551 0,6351017355918884 0,005605580285191536
0,1772729605436325 0,7030738592147827 0,005051229614764452
0,2602221369743347 0,5417330265045166 0,007301580160856247
0,503126859664917 0,33646050095558167 0,006011814810335636
0,4701705873012543 0,9071147441864014 0,005021614022552967
0,8993844389915466 0,21659688651561737 0,005991704761981964
0,4624508321285248 0,021436216309666634 0,01338624395430088
0,11150377988815308 0,6358720064163208 0,005980783607810736
0,8356630802154541 0,7189636826515198 0,005725710187107325
0,23841677606105804 0,7178856730461121 0,005394463427364826
0,18939682841300964 0,8958219289779663 0,007307090796530247
0,870012640953064 0,6726481914520264 0,005005357787013054
0,8181419968605042 0,35542386770248413 0,005380671005696058
0,006941111292690039 0,06264448165893555 0,005245442036539316
0,9354555606842041 0,1253851056098938 0,005331838503479958
0,13323703408241272 0,7290171980857849 0,005998317152261734
0,7616217732429504 0,8326053023338318 0,005343686323612928
0,617296040058136 0,6907902359962463 0,006447418127208948
0,35072872042655945 0,15175987780094147 0,008603215217590332
0,8616396188735962 0,043054692447185516 0,0059573231264948845
0,43288177251815796 0,16160297393798828 0,006049693562090397
0,7902649641036987 0,28269362449645996 0,012828928418457508
0,7543944716453552 0,5516707301139832 0,006320909596979618
0,9605563879013062 0,5251361727714539 0,005362431984394789
0,9432016015052795 0,7657588124275208 0,009617844596505165
0,4186096787452698 0,9706789255142212 0,006138256285339594
0,3706241250038147 0,9907892346382141 0,01058874186128378
0,5733015537261963 0,6604695320129395 0,007220577448606491
0,2999751567840576 0,5025067329406738 0,005048240069299936
0,21428820490837097 0,10682391375303268 0,0052076680585742
0,39245137572288513 0,9719763994216919 0,006956403609365225
0,886218249797821 0,2660868763923645 0,005039636045694351
0,36963799595832825 0,2132597118616104 0,005436689127236605
0,988265872001648 0,9402631521224976 0,005257394630461931
0,967538595199585 0,6224797368049622 0,006175541318953037
0,2854889929294586 0,03517591580748558 0,005660595837980509
0,7607659697532654 0,44860097765922546 0,005037222523242235
0,612430214881897 0,49695146083831787 0,00556674599647522
0,553081214427948 0,7289454936981201 0,005651718005537987
0,37303826212882996 0,8095007538795471 0,005036729387938976
0,3288283944129944 0,5081611275672913 0,005710665136575699
0,9999701976776123 0,9753082394599915 0,005893198773264885
0,5376090407371521 0,4948303699493408 0,005197005346417427
0,20912125706672668 0,740750253200531 0,006717482581734657
0,20193739235401154 0,783969521522522 0,005446598399430513
0,33779796957969666 0,13263030350208282 0,0067945742048323154
0,7514476776123047 0,47255244851112366 0,005033453926444054